{
 "cells": [
  {
   "cell_type": "code",
   "execution_count": 1,
   "metadata": {},
   "outputs": [],
   "source": [
    "from Hopfield import HopfieldModel, tune_model\n",
    "from BnB import BnBMethod\n",
    "from parseTSP import parsing\n",
    "import numpy as np"
   ]
  },
  {
   "attachments": {},
   "cell_type": "markdown",
   "metadata": {},
   "source": [
    "### Сеть Хопфилда"
   ]
  },
  {
   "cell_type": "code",
   "execution_count": 2,
   "metadata": {},
   "outputs": [],
   "source": [
    "matrix, answer = parsing('burma14', 0, 5)\n",
    "A = [1000, 10000, 100000]\n",
    "B = [1000, 10000, 100000]\n",
    "C = [1000, 10000, 100000]\n",
    "D= [50, 50, 50]\n",
    "tune_model('burma14', matrix, 'sigmoid', A, B, C, D, 5)"
   ]
  },
  {
   "cell_type": "code",
   "execution_count": 3,
   "metadata": {},
   "outputs": [
    {
     "name": "stdout",
     "output_type": "stream",
     "text": [
      "[[   0.  153.  510.  706.  966.  581.  455.   70.  160.  372.]\n",
      " [ 153.    0.  422.  664.  997.  598.  507.  197.  311.  479.]\n",
      " [ 510.  422.    0.  289.  744.  390.  437.  491.  645.  880.]\n",
      " [ 706.  664.  289.    0.  491.  265.  410.  664.  804. 1070.]\n",
      " [ 966.  997.  744.  491.    0.  400.  514.  902.  990. 1261.]\n",
      " [ 581.  598.  390.  265.  400.    0.  168.  522.  634.  910.]\n",
      " [ 455.  507.  437.  410.  514.  168.    0.  389.  482.  757.]\n",
      " [  70.  197.  491.  664.  902.  522.  389.    0.  154.  406.]\n",
      " [ 160.  311.  645.  804.  990.  634.  482.  154.    0.  276.]\n",
      " [ 372.  479.  880. 1070. 1261.  910.  757.  406.  276.    0.]]\n",
      "4264.0\n",
      "[-2000000.0, -3800000.0, -5400000.0, -6600000.0, -7735500.0, -8647500.0, -9008500.0, -9108500.0, -9291400.0, -9491400.0, -9503400.0, -9509600.0, -9801100.0, -9926700.0, -10093100.0, -10125200.0, -10191500.0, -10291800.0, -10345700.0, -10372700.0, -10409000.0, -10428700.0, -10502600.0]\n",
      "[0.4229915142059326, 0.36772894859313965, 0.36569976806640625, 0.36641740798950195, 0.36899566650390625, 0.3636305332183838, 0.367999792098999, 0.365314245223999, 0.36029672622680664, 0.38105273246765137, 0.36475491523742676, 0.368380069732666, 0.3643183708190918, 0.36617398262023926, 0.3660542964935303, 0.3684101104736328, 0.3632073402404785, 0.3655548095703125, 0.3641955852508545, 0.36451172828674316, 0.37278294563293457, 0.36798667907714844, 0.3632488250732422, 0.3683657646179199, 0.3684730529785156, 0.3651399612426758, 0.36475300788879395, 0.36464834213256836, 0.3639848232269287, 0.36277127265930176, 0.37528443336486816, 0.3669888973236084, 0.36582016944885254, 0.36484742164611816, 0.36801815032958984]\n",
      "City #0 order in path 2\n",
      "City #1 order in path 5\n",
      "City #2 order in path 0\n",
      "City #3 order in path 9\n",
      "City #5 order in path 1\n",
      "City #6 order in path 3\n",
      "City #7 order in path 6\n",
      "City #8 order in path 4\n",
      "City #9 order in path 7\n",
      "City #9 order in path 8\n"
     ]
    }
   ],
   "source": [
    "matrix = np.array(parsing('burma14.xml', 0, 10))\n",
    "print(matrix)\n",
    "model = HopfieldModel(matrix, 'sigmoid',[100000, 100000, 100000, 50], 5)\n",
    "model.start_network()\n",
    "model.print_result()"
   ]
  },
  {
   "cell_type": "code",
   "execution_count": 4,
   "metadata": {},
   "outputs": [
    {
     "name": "stdout",
     "output_type": "stream",
     "text": [
      "[[   0.  153.  510.  706.  966.  581.  455.   70.  160.  372.  157.]\n",
      " [ 153.    0.  422.  664.  997.  598.  507.  197.  311.  479.  310.]\n",
      " [ 510.  422.    0.  289.  744.  390.  437.  491.  645.  880.  618.]\n",
      " [ 706.  664.  289.    0.  491.  265.  410.  664.  804. 1070.  768.]\n",
      " [ 966.  997.  744.  491.    0.  400.  514.  902.  990. 1261.  947.]\n",
      " [ 581.  598.  390.  265.  400.    0.  168.  522.  634.  910.  593.]\n",
      " [ 455.  507.  437.  410.  514.  168.    0.  389.  482.  757.  439.]\n",
      " [  70.  197.  491.  664.  902.  522.  389.    0.  154.  406.  133.]\n",
      " [ 160.  311.  645.  804.  990.  634.  482.  154.    0.  276.   43.]\n",
      " [ 372.  479.  880. 1070. 1261.  910.  757.  406.  276.    0.  318.]\n",
      " [ 157.  310.  618.  768.  947.  593.  439.  133.   43.  318.    0.]]\n",
      "4976.0\n",
      "[-2200000.0, -4200000.0, -5800000.0, -7371100.0, -8522000.0, -9722000.0, -10506700.0, -11006700.0, -11161250.0, -11383100.0, -11554200.0, -11694400.0, -11767000.0, -11821300.0, -11901200.0, -11906200.0, -12018100.0, -12088000.0, -12244100.0, -12317000.0, -12343200.0, -12431800.0, -12435800.0, -12478900.0, -12520200.0, -12546100.0, -12598800.0, -12608700.0, -12615400.0]\n",
      "[0.6384878158569336, 0.5238821506500244, 0.5210633277893066, 0.528562068939209, 0.5282783508300781, 0.5304563045501709, 0.523730993270874, 0.5256845951080322, 0.5259997844696045, 0.522331953048706, 0.52414870262146, 0.534233808517456, 0.5264363288879395, 0.5255587100982666, 0.5250034332275391, 0.5239899158477783, 0.5246334075927734, 0.5249521732330322, 0.5272519588470459, 0.5280649662017822, 0.5231988430023193, 0.5282039642333984, 0.5310080051422119, 0.5275139808654785, 0.5301892757415771, 0.5287468433380127, 0.5192573070526123, 0.5318150520324707, 0.5292859077453613, 0.5288856029510498, 0.5268900394439697, 0.5219838619232178, 0.5210025310516357, 0.5259418487548828, 0.526010274887085, 0.5231120586395264, 0.5299890041351318, 0.5234169960021973, 0.5252947807312012, 0.5231063365936279, 0.533001184463501, 0.5244770050048828, 0.5249984264373779, 0.5270884037017822, 0.5269629955291748, 0.5282554626464844, 0.5251929759979248, 0.5255658626556396, 0.5230588912963867, 0.5260186195373535, 0.5269339084625244, 0.5220332145690918, 0.5293705463409424, 0.525991678237915, 0.5272719860076904, 0.5220990180969238, 0.524998664855957, 0.5249795913696289, 0.532597541809082, 0.5254223346710205, 0.5314419269561768, 0.5323567390441895, 0.5377905368804932, 0.5260417461395264, 0.5267250537872314, 0.5275998115539551, 0.5276026725769043, 0.5296826362609863, 0.5299971103668213, 0.5298304557800293, 0.5267500877380371, 0.5283777713775635, 0.5247936248779297, 0.5340213775634766, 0.5284724235534668, 0.5247101783752441, 0.5284717082977295, 0.5235521793365479, 0.529578685760498, 0.5278444290161133, 0.527019739151001, 0.5250179767608643, 0.5280196666717529, 0.5266494750976562, 0.5602784156799316, 0.5231590270996094, 0.540278434753418, 0.5305004119873047, 0.5277388095855713, 0.529015302658081, 0.5478024482727051, 0.5266647338867188, 0.5362348556518555, 0.5284793376922607, 0.5320436954498291, 0.5329790115356445, 0.532210111618042, 0.5297725200653076, 0.5335335731506348, 0.5336778163909912, 0.5267863273620605, 0.5279126167297363, 0.5296368598937988, 0.5339443683624268, 0.530123233795166, 0.532329797744751, 0.5313987731933594, 0.530562162399292, 0.5312685966491699, 0.5319099426269531, 0.5262525081634521, 0.5312650203704834, 0.5307025909423828, 0.5301353931427002, 0.53263258934021, 0.5292694568634033, 0.5305664539337158, 0.529998779296875, 0.537691593170166, 0.5313611030578613, 0.5322170257568359, 0.533696174621582, 0.5414977073669434, 0.5334739685058594, 0.5320842266082764, 0.5356354713439941, 0.5420191287994385, 0.5349991321563721, 0.5398561954498291, 0.5321333408355713, 0.5345125198364258, 0.5402634143829346, 0.5346496105194092, 0.5309896469116211, 0.5399186611175537, 0.5329945087432861, 0.5449995994567871, 0.5394690036773682, 0.5397670269012451, 0.5393717288970947, 0.541428804397583, 0.5390505790710449, 0.5374417304992676, 0.5335731506347656, 0.5377519130706787, 0.5359997749328613, 0.5352301597595215, 0.535081148147583, 0.5354809761047363, 0.5389816761016846, 0.5335202217102051, 0.53582763671875, 0.5369791984558105, 0.5345849990844727, 0.5419800281524658, 0.5354928970336914, 0.5299906730651855, 0.5258781909942627, 0.5262994766235352, 0.5290675163269043, 0.5309092998504639, 0.5353059768676758, 0.5291318893432617, 0.5246775150299072, 0.5260004997253418, 0.5270917415618896, 0.5270125865936279, 0.5275356769561768, 0.5270001888275146, 0.5235998630523682, 0.5256638526916504, 0.5244641304016113, 0.5285258293151855, 0.5279815196990967, 0.5280256271362305, 0.5320467948913574, 0.5304584503173828, 0.5352866649627686, 0.5330004692077637, 0.5333030223846436, 0.5330214500427246, 0.5341207981109619, 0.5319714546203613, 0.5273728370666504, 0.524221658706665, 0.5309903621673584, 0.5260398387908936, 0.5298149585723877, 0.5313010215759277, 0.5320024490356445, 0.5269958972930908, 0.5266294479370117, 0.5319807529449463, 0.5269200801849365, 0.5264194011688232, 0.5260219573974609, 0.5274851322174072, 0.5280709266662598, 0.5270195007324219, 0.5279819965362549, 0.5394346714019775, 0.5282447338104248, 0.5273656845092773, 0.5249645709991455, 0.5323019027709961, 0.5385353565216064, 0.5327258110046387, 0.5340657234191895, 0.5290768146514893, 0.5291652679443359, 0.5313684940338135, 0.5356652736663818, 0.5243053436279297, 0.5359492301940918, 0.5300004482269287, 0.5290579795837402, 0.5325205326080322, 0.5376772880554199, 0.5276474952697754, 0.5300240516662598, 0.5289604663848877, 0.5310075283050537, 0.526989221572876, 0.5275776386260986, 0.5250327587127686, 0.5256702899932861, 0.5308032035827637, 0.5300107002258301, 0.5300259590148926, 0.5272011756896973, 0.5276577472686768, 0.531625509262085, 0.5264697074890137, 0.5290238857269287, 0.5299999713897705, 0.5269696712493896, 0.5283176898956299, 0.526343822479248, 0.533989667892456, 0.5313196182250977, 0.5269894599914551, 0.5319883823394775, 0.5235347747802734, 0.525010347366333, 0.5211482048034668, 0.5240001678466797, 0.5276482105255127, 0.526270866394043, 0.5309903621673584, 0.5285444259643555, 0.5199999809265137, 0.523939847946167, 0.5245695114135742, 0.5249776840209961, 0.5350332260131836, 0.5312683582305908, 0.5254881381988525, 0.5279982089996338, 0.5295670032501221, 0.533104658126831, 0.5286109447479248, 0.5287637710571289, 0.5275630950927734, 0.5239691734313965, 0.5266647338867188, 0.5250110626220703, 0.5303971767425537, 0.5297462940216064, 0.535942554473877, 0.5260353088378906]\n",
      "City #0 order in path 2\n",
      "City #1 order in path 0\n",
      "City #1 order in path 7\n",
      "City #2 order in path 3\n",
      "City #3 order in path 8\n",
      "City #4 order in path 9\n",
      "City #5 order in path 4\n",
      "City #7 order in path 6\n",
      "City #8 order in path 10\n",
      "City #9 order in path 1\n",
      "City #10 order in path 5\n"
     ]
    }
   ],
   "source": [
    "matrix = np.array(parsing('burma14.xml', 0, 11))\n",
    "print(matrix)\n",
    "model = HopfieldModel(matrix, 'sigmoid',[100000, 100000, 100000, 50], 5)\n",
    "model.start_network()\n",
    "model.print_result()"
   ]
  },
  {
   "cell_type": "code",
   "execution_count": 5,
   "metadata": {},
   "outputs": [
    {
     "name": "stdout",
     "output_type": "stream",
     "text": [
      "[[   0.  153.  510.  706.  966.  581.  455.   70.  160.  372.  157.  567.]\n",
      " [ 153.    0.  422.  664.  997.  598.  507.  197.  311.  479.  310.  581.]\n",
      " [ 510.  422.    0.  289.  744.  390.  437.  491.  645.  880.  618.  374.]\n",
      " [ 706.  664.  289.    0.  491.  265.  410.  664.  804. 1070.  768.  259.]\n",
      " [ 966.  997.  744.  491.    0.  400.  514.  902.  990. 1261.  947.  418.]\n",
      " [ 581.  598.  390.  265.  400.    0.  168.  522.  634.  910.  593.   19.]\n",
      " [ 455.  507.  437.  410.  514.  168.    0.  389.  482.  757.  439.  163.]\n",
      " [  70.  197.  491.  664.  902.  522.  389.    0.  154.  406.  133.  508.]\n",
      " [ 160.  311.  645.  804.  990.  634.  482.  154.    0.  276.   43.  623.]\n",
      " [ 372.  479.  880. 1070. 1261.  910.  757.  406.  276.    0.  318.  898.]\n",
      " [ 157.  310.  618.  768.  947.  593.  439.  133.   43.  318.    0.  582.]\n",
      " [ 567.  581.  374.  259.  418.   19.  163.  508.  623.  898.  582.    0.]]\n",
      "6022.0\n",
      "[-2400000.0, -4600000.0, -6600000.0, -8372400.0, -9882600.0, -11045400.0, -11982000.0, -12582000.0, -12966000.0, -13059000.0, -13132900.0, -13316100.0, -13605900.0, -13675100.0, -13773000.0, -13781500.0, -13891800.0, -13960700.0, -13974800.0, -14205600.0, -14206800.0, -14308200.0, -14315500.0, -14356200.0, -14457300.0, -14551800.0, -14590100.0, -14711600.0, -14721500.0, -14724500.0, -14761700.0, -14771000.0, -14821400.0, -14948800.0, -15014200.0]\n",
      "[0.8761630058288574, 0.7939777374267578, 0.7637414932250977, 0.7503364086151123, 0.7541818618774414, 0.7793309688568115, 0.750493049621582, 0.7506721019744873, 0.7536015510559082, 0.7469704151153564, 0.7500197887420654, 0.7502110004425049, 0.7539958953857422, 0.7675552368164062, 0.7609553337097168, 0.747032880783081, 0.7496774196624756, 0.7495212554931641, 0.7511372566223145, 0.7540228366851807, 0.7535686492919922, 0.7597334384918213, 0.7559771537780762, 0.7540280818939209, 0.755462646484375, 0.7534873485565186, 0.7540786266326904, 0.7540700435638428, 0.7568473815917969, 0.7687265872955322, 0.7502081394195557, 0.7537806034088135, 0.7658250331878662, 0.7531893253326416, 0.7480278015136719, 0.7484984397888184, 0.756742000579834, 0.7551426887512207, 0.753117561340332, 0.7523486614227295, 0.7487227916717529, 0.7549691200256348, 0.751018762588501, 0.7509152889251709, 0.7521519660949707, 0.7560086250305176, 0.7542908191680908, 0.749462366104126, 0.7545425891876221, 0.7486917972564697, 0.7473933696746826, 0.7531561851501465, 0.7479171752929688, 0.750281810760498, 0.7510197162628174, 0.7510581016540527, 0.7480330467224121, 0.7687637805938721, 0.7940590381622314, 0.75299072265625, 0.7617599964141846, 0.7552340030670166, 0.7569179534912109, 0.7563381195068359, 0.7522008419036865, 0.7613346576690674, 0.7550816535949707, 0.7502918243408203, 0.7565724849700928, 0.7521877288818359, 0.7636375427246094, 0.7538070678710938, 0.7559971809387207, 0.7491741180419922, 0.7493436336517334, 0.7516589164733887, 0.7489948272705078, 0.7559976577758789, 0.7615158557891846, 0.7511799335479736, 0.7538068294525146, 0.7526717185974121, 0.7570204734802246, 0.7494080066680908, 0.7550389766693115, 0.7526800632476807, 0.7581450939178467, 0.7530710697174072, 0.7561476230621338, 0.750586986541748, 0.7511355876922607, 0.7633447647094727, 0.754866361618042, 0.765209436416626, 0.7448489665985107, 0.7511105537414551, 0.7439782619476318, 0.7453694343566895, 0.740025520324707, 0.7467615604400635, 0.7500207424163818, 0.7445268630981445, 0.7415826320648193, 0.7429196834564209, 0.7398185729980469, 0.749138593673706, 0.7519783973693848, 0.76094651222229, 0.7542910575866699, 0.7439289093017578, 0.7480728626251221, 0.749016523361206, 0.7481253147125244, 0.7440147399902344, 0.7461488246917725, 0.7515137195587158, 0.7500724792480469, 0.747218132019043, 0.7506089210510254, 0.7449541091918945, 0.7499983310699463, 0.7521224021911621, 0.7477760314941406, 0.7539000511169434, 0.7560193538665771, 0.7520108222961426, 0.7494924068450928, 0.7545468807220459, 0.752476692199707, 0.75065016746521, 0.7527823448181152, 0.7519912719726562, 0.751570463180542, 0.74759840965271, 0.7516517639160156, 0.7479958534240723, 0.7577743530273438, 0.7477986812591553, 0.7544960975646973, 0.7483706474304199, 0.7525739669799805, 0.7570664882659912, 0.7534818649291992, 0.7612934112548828, 0.7529637813568115, 0.7592144012451172, 0.7601103782653809, 0.7517085075378418, 0.7527823448181152, 0.752021074295044, 0.7521319389343262, 0.7562086582183838, 0.7567918300628662, 0.7588589191436768, 0.7505702972412109, 0.7584197521209717, 0.7521646022796631, 0.754396915435791, 0.7563996315002441, 0.7510485649108887, 0.7522742748260498, 0.7529785633087158, 0.7578408718109131, 0.7566201686859131, 0.7522168159484863, 0.7579784393310547, 0.7544722557067871, 0.7576436996459961, 0.7563633918762207, 0.7543740272521973, 0.7596840858459473, 0.7544467449188232, 0.7559921741485596, 0.7542722225189209, 0.7545452117919922, 0.7550458908081055, 0.7505161762237549, 0.7546639442443848, 0.7529246807098389, 0.7530207633972168, 0.7440738677978516, 0.7491400241851807, 0.746455192565918, 0.746328592300415, 0.7510740756988525, 0.7449896335601807, 0.7453968524932861, 0.7450315952301025, 0.7460107803344727, 0.7479345798492432, 0.7490100860595703, 0.7474863529205322, 0.7540004253387451, 0.7491121292114258, 0.7480301856994629, 0.7439780235290527, 0.7543723583221436, 0.7549793720245361, 0.7550208568572998, 0.7484676837921143, 0.742027759552002, 0.7439789772033691, 0.7458362579345703, 0.7460508346557617, 0.7480833530426025, 0.7531964778900146, 0.744434118270874, 0.7465171813964844, 0.7445528507232666, 0.7461285591125488, 0.7460823059082031, 0.7414910793304443, 0.7471816539764404, 0.7476100921630859, 0.7484967708587646, 0.7457184791564941, 0.7460417747497559, 0.7497007846832275, 0.746389627456665, 0.7507052421569824, 0.7467381954193115, 0.7490975856781006, 0.7449357509613037, 0.7475237846374512, 0.7451553344726562, 0.7466683387756348, 0.7483124732971191, 0.7500693798065186, 0.7531301975250244, 0.7476255893707275, 0.7510249614715576, 0.762688398361206, 0.7560286521911621, 0.7522110939025879, 0.7482104301452637, 0.7508583068847656, 0.75006103515625, 0.7492227554321289, 0.7540009021759033, 0.7525699138641357, 0.7542705535888672, 0.7500543594360352, 0.7547454833984375, 0.7549769878387451, 0.7579267024993896, 0.7524631023406982, 0.7529568672180176, 0.7520184516906738, 0.7501323223114014, 0.7498619556427002, 0.7515735626220703, 0.7490005493164062, 0.7502536773681641, 0.7490112781524658, 0.7521867752075195, 0.7522408962249756, 0.7549993991851807, 0.7540183067321777, 0.7521588802337646, 0.7505030632019043, 0.7500550746917725, 0.7610244750976562, 0.7552053928375244, 0.7578418254852295, 0.7580125331878662, 0.7498440742492676, 0.7597222328186035, 0.751044750213623, 0.756453275680542, 0.7597084045410156, 0.7558531761169434, 0.7530868053436279, 0.7556521892547607, 0.7460103034973145, 0.7460293769836426, 0.7422430515289307, 0.7437398433685303, 0.7451186180114746, 0.743497371673584, 0.7506334781646729, 0.7537128925323486, 0.7460191249847412, 0.7481625080108643, 0.7496151924133301, 0.746218204498291, 0.743009090423584, 0.7451672554016113, 0.7504966259002686, 0.7473936080932617, 0.7487661838531494, 0.7487707138061523, 0.7514915466308594, 0.7514252662658691, 0.7435810565948486, 0.7458474636077881, 0.7466800212860107, 0.7529516220092773, 0.7470111846923828, 0.7478213310241699, 0.7492122650146484, 0.7472169399261475, 0.7620782852172852, 0.7551136016845703, 0.7610445022583008, 0.7536327838897705, 0.7489914894104004, 0.7539935111999512, 0.7721209526062012, 0.7526602745056152, 0.752138614654541, 0.7599904537200928, 0.7543983459472656, 0.755202054977417, 0.7626345157623291, 0.7560420036315918, 0.7525134086608887, 0.7519450187683105, 0.7607858180999756, 0.7508955001831055, 0.7511646747589111, 0.7584033012390137, 0.7549254894256592, 0.7580130100250244, 0.753997802734375, 0.7534222602844238, 0.7559700012207031, 0.7596924304962158, 0.7531378269195557, 0.7522425651550293, 0.7585353851318359, 0.7549200057983398, 0.7547752857208252, 0.7489690780639648, 0.750755786895752, 0.7518956661224365, 0.7538943290710449, 0.7595586776733398, 0.7509701251983643, 0.7541954517364502, 0.7575910091400146, 0.7553749084472656, 0.7510337829589844, 0.7550415992736816, 0.7546980381011963, 0.7623326778411865, 0.7525722980499268, 0.7545931339263916, 0.757396936416626, 0.7551624774932861, 0.7528302669525146, 0.7424125671386719, 0.7460296154022217, 0.7511146068572998, 0.7446017265319824, 0.7429459095001221, 0.7455892562866211, 0.7462913990020752, 0.7487936019897461, 0.7472019195556641, 0.7471048831939697]\n",
      "City #0 order in path 3\n",
      "City #2 order in path 11\n",
      "City #3 order in path 8\n",
      "City #4 order in path 9\n",
      "City #6 order in path 7\n",
      "City #7 order in path 2\n",
      "City #7 order in path 6\n",
      "City #8 order in path 0\n",
      "City #9 order in path 4\n",
      "City #9 order in path 10\n",
      "City #10 order in path 5\n",
      "City #11 order in path 1\n"
     ]
    }
   ],
   "source": [
    "matrix = np.array(parsing('burma14.xml', 0, 12))\n",
    "print(matrix)\n",
    "model = HopfieldModel(matrix, 'sigmoid',[100000, 100000, 100000, 50], 5)\n",
    "model.start_network()\n",
    "model.print_result()"
   ]
  },
  {
   "cell_type": "code",
   "execution_count": 6,
   "metadata": {},
   "outputs": [
    {
     "name": "stdout",
     "output_type": "stream",
     "text": [
      "[[   0.  153.  510.  706.  966.  581.  455.   70.  160.  372.  157.  567.\n",
      "   342.]\n",
      " [ 153.    0.  422.  664.  997.  598.  507.  197.  311.  479.  310.  581.\n",
      "   417.]\n",
      " [ 510.  422.    0.  289.  744.  390.  437.  491.  645.  880.  618.  374.\n",
      "   455.]\n",
      " [ 706.  664.  289.    0.  491.  265.  410.  664.  804. 1070.  768.  259.\n",
      "   499.]\n",
      " [ 966.  997.  744.  491.    0.  400.  514.  902.  990. 1261.  947.  418.\n",
      "   635.]\n",
      " [ 581.  598.  390.  265.  400.    0.  168.  522.  634.  910.  593.   19.\n",
      "   284.]\n",
      " [ 455.  507.  437.  410.  514.  168.    0.  389.  482.  757.  439.  163.\n",
      "   124.]\n",
      " [  70.  197.  491.  664.  902.  522.  389.    0.  154.  406.  133.  508.\n",
      "   273.]\n",
      " [ 160.  311.  645.  804.  990.  634.  482.  154.    0.  276.   43.  623.\n",
      "   358.]\n",
      " [ 372.  479.  880. 1070. 1261.  910.  757.  406.  276.    0.  318.  898.\n",
      "   633.]\n",
      " [ 157.  310.  618.  768.  947.  593.  439.  133.   43.  318.    0.  582.\n",
      "   315.]\n",
      " [ 567.  581.  374.  259.  418.   19.  163.  508.  623.  898.  582.    0.\n",
      "   275.]\n",
      " [ 342.  417.  455.  499.  635.  284.  124.  273.  358.  633.  315.  275.\n",
      "     0.]]\n",
      "4952.0\n",
      "[-2600000.0, -5000000.0, -7200000.0, -9200000.0, -10888800.0, -12088800.0, -13247100.0, -14184300.0, -15153200.0, -15830200.0, -16230200.0, -16242800.0, -16426000.0, -16537500.0, -16685300.0, -16933200.0, -17036800.0, -17110700.0, -17145500.0, -17188400.0, -17223600.0, -17335500.0, -17380500.0, -17389000.0, -17419800.0, -17467300.0]\n",
      "[1.198890209197998, 1.041865348815918, 1.0370094776153564, 1.03523588180542, 1.0411298274993896, 1.0406665802001953, 1.0420467853546143, 1.0611329078674316, 1.0480124950408936, 1.041128158569336, 1.0310468673706055, 1.0316362380981445, 1.0292470455169678, 1.0446922779083252, 1.0411252975463867, 1.0328490734100342, 1.0275964736938477, 1.0307598114013672, 1.042055368423462, 1.0332343578338623, 1.0335032939910889, 1.0322017669677734, 1.0339763164520264, 1.0354790687561035, 1.0391223430633545, 1.0403761863708496, 1.0434563159942627, 1.0382041931152344, 1.0412347316741943, 1.0460200309753418, 1.0359852313995361, 1.0466537475585938, 1.0396785736083984, 1.03425931930542, 1.031956672668457, 1.0327887535095215, 1.042952299118042, 1.039353370666504, 1.0349223613739014, 1.0335171222686768, 1.0352249145507812, 1.041633129119873, 1.0344274044036865, 1.037290096282959, 1.0297200679779053, 1.0370292663574219, 1.0363490581512451, 1.029444694519043, 1.0503499507904053, 1.0398600101470947, 1.0294325351715088, 1.0424575805664062, 1.0391688346862793, 1.0367319583892822, 1.0448036193847656, 1.0335547924041748, 1.0386381149291992, 1.0410873889923096, 1.0339646339416504, 1.0346918106079102, 1.0340328216552734, 1.0471019744873047, 1.0373828411102295, 1.0281496047973633, 1.0442655086517334, 1.0392804145812988, 1.032865047454834, 1.0440864562988281, 1.0296759605407715, 1.0354454517364502, 1.0373587608337402, 1.0347480773925781, 1.0378248691558838, 1.035780906677246, 1.0541882514953613, 1.0371899604797363, 1.0404012203216553, 1.0365550518035889, 1.0326788425445557, 1.044182300567627, 1.0460126399993896, 1.0379314422607422, 1.0462720394134521, 1.030754804611206, 1.039154291152954, 1.0395636558532715, 1.0375416278839111, 1.0480525493621826, 1.045081377029419, 1.043574333190918, 1.0524821281433105, 1.0447816848754883, 1.034745454788208, 1.054917573928833, 1.0479254722595215, 1.0390095710754395, 1.0436007976531982, 1.0438470840454102, 1.0400645732879639, 1.046482801437378, 1.0316221714019775, 1.0360865592956543, 1.036060094833374, 1.0462470054626465, 1.0365307331085205, 1.052809238433838, 1.0418953895568848, 1.0478935241699219, 1.0482635498046875, 1.0422098636627197, 1.030691385269165, 1.030287265777588, 1.031745195388794, 1.0343093872070312, 1.0343074798583984, 1.0311455726623535, 1.0241849422454834, 1.034125566482544, 1.031158685684204, 1.0311439037322998, 1.0301921367645264, 1.0309693813323975, 1.0396537780761719, 1.0370159149169922, 1.0325942039489746, 1.0223243236541748, 1.0249896049499512, 1.0386812686920166, 1.0341942310333252, 1.0312612056732178, 1.0335197448730469, 1.0330195426940918, 1.0409107208251953, 1.038280963897705, 1.035539150238037, 1.031792163848877, 1.0339982509613037, 1.0301735401153564, 1.0398731231689453, 1.0390088558197021, 1.0691680908203125, 1.0439889430999756, 1.0393929481506348, 1.0420267581939697, 1.042184591293335, 1.0359127521514893, 1.0458617210388184, 1.0304183959960938, 1.0477252006530762, 1.0308647155761719, 1.0421068668365479, 1.0478951930999756, 1.0399470329284668, 1.0477116107940674, 1.0446131229400635, 1.0344789028167725, 1.054053783416748, 1.041614055633545, 1.0439739227294922, 1.0440216064453125, 1.046769618988037, 1.0513405799865723, 1.0526142120361328, 1.0426890850067139, 1.0433669090270996, 1.0389857292175293, 1.0462167263031006, 1.056213140487671, 1.0376653671264648, 1.0366325378417969, 1.0464680194854736, 1.043653964996338, 1.0481483936309814, 1.041644811630249, 1.0424211025238037, 1.0354795455932617, 1.0412185192108154, 1.0429065227508545, 1.0507173538208008, 1.0420114994049072, 1.0517137050628662, 1.053297758102417, 1.055039405822754, 1.0482418537139893, 1.0460278987884521, 1.0394601821899414, 1.043745517730713, 1.0488731861114502, 1.0319883823394775, 1.0374696254730225, 1.0353848934173584, 1.0236873626708984, 1.0303254127502441, 1.0305707454681396, 1.0301566123962402, 1.0298550128936768, 1.0451781749725342, 1.036839246749878, 1.0343310832977295, 1.0370087623596191, 1.034961223602295, 1.0379087924957275, 1.0289595127105713, 1.04007887840271, 1.0411021709442139, 1.0316619873046875, 1.03684401512146, 1.0291225910186768, 1.0306956768035889, 1.0399768352508545, 1.0356056690216064, 1.0424599647521973, 1.034162998199463, 1.0361649990081787, 1.0385334491729736, 1.0368967056274414, 1.0361628532409668, 1.0412254333496094, 1.0378196239471436, 1.0430076122283936, 1.0413446426391602, 1.0412137508392334, 1.0427618026733398, 1.0558745861053467, 1.0459167957305908, 1.047400712966919, 1.0398337841033936, 1.0415270328521729, 1.0449182987213135, 1.043968915939331, 1.0441508293151855, 1.0380313396453857, 1.052534580230713, 1.0423908233642578, 1.0383446216583252, 1.0545234680175781, 1.0497448444366455, 1.0461416244506836, 1.0399527549743652, 1.0310451984405518, 1.035444736480713, 1.0390865802764893, 1.0573620796203613, 1.0396451950073242, 1.042327880859375, 1.0498754978179932, 1.0425832271575928, 1.037926435470581, 1.0467426776885986, 1.037541151046753, 1.0589890480041504, 1.0439870357513428, 1.0335056781768799, 1.0441932678222656, 1.03598952293396, 1.0251898765563965, 1.030235767364502, 1.031428337097168, 1.0308887958526611, 1.036095142364502, 1.0343422889709473, 1.0343480110168457, 1.036771535873413, 1.0294990539550781, 1.0390675067901611, 1.0342113971710205, 1.0386455059051514, 1.0301873683929443, 1.0343492031097412, 1.0323889255523682, 1.0347070693969727, 1.0364692211151123, 1.0385982990264893, 1.0353281497955322, 1.0339806079864502, 1.0415406227111816, 1.0332999229431152, 1.0411381721496582, 1.0365591049194336, 1.0431098937988281, 1.034275770187378, 1.0393567085266113, 1.0371930599212646, 1.0322010517120361, 1.0336883068084717, 1.046633005142212, 1.0388906002044678, 1.0373353958129883, 1.0316672325134277, 1.0371992588043213, 1.0369932651519775, 1.0392858982086182, 1.0407392978668213, 1.0351083278656006, 1.0390431880950928, 1.0439460277557373, 1.0707077980041504, 1.2209904193878174, 1.1340925693511963, 1.039215087890625, 1.0622243881225586, 1.0415656566619873, 1.039841651916504, 1.0770795345306396, 1.0420312881469727, 1.0466279983520508, 1.0439777374267578, 1.0405161380767822, 1.0410196781158447, 1.0475497245788574, 1.0421221256256104, 1.0627644062042236, 1.049163818359375, 1.0454356670379639, 1.0467801094055176, 1.0409886837005615, 1.059983491897583, 1.1150267124176025, 1.0621216297149658, 1.041417121887207, 1.0406677722930908, 1.105982780456543, 1.1989917755126953, 1.086996078491211, 1.0570008754730225, 1.034034013748169, 1.0290119647979736, 1.0493557453155518, 1.0439434051513672, 1.1217608451843262, 1.1107699871063232, 1.0551767349243164, 1.0377764701843262, 1.0326519012451172, 1.0295610427856445, 1.0360496044158936, 1.039396047592163, 1.0407047271728516, 1.0438811779022217, 1.0798072814941406, 1.1059772968292236, 1.03110671043396, 1.048865795135498, 1.0279860496520996, 1.0360112190246582, 1.0389304161071777, 1.0485498905181885, 1.046586036682129, 1.0364840030670166, 1.0438270568847656, 1.0366535186767578, 1.0321345329284668, 1.0280005931854248, 1.0282187461853027, 1.025892972946167, 1.0299794673919678, 1.0375885963439941, 1.0316646099090576, 1.104801893234253, 1.042043685913086, 1.0392239093780518, 1.0380711555480957, 1.0329337120056152, 1.0306100845336914, 1.029961347579956, 1.0352625846862793, 1.0380806922912598, 1.0314486026763916, 1.0366876125335693, 1.043092966079712, 1.0416922569274902, 1.0434465408325195, 1.043168306350708, 1.043612003326416, 1.0450563430786133, 1.0381135940551758, 1.037156105041504, 1.0438249111175537, 1.042954444885254, 1.033886432647705, 1.043119192123413, 1.0417873859405518, 1.092148780822754, 1.0791959762573242, 1.0611956119537354, 1.0721263885498047, 1.0655298233032227, 1.0383977890014648, 1.0482008457183838, 1.0445101261138916, 1.0395374298095703, 1.0427658557891846, 1.048252820968628, 1.0498836040496826, 1.0552232265472412, 1.0511417388916016, 1.06282377243042, 1.042705774307251, 1.0451462268829346, 1.0530591011047363, 1.0450148582458496, 1.0469970703125, 1.0501770973205566, 1.0466010570526123, 1.0590715408325195, 1.0491890907287598, 1.0455737113952637, 1.0490095615386963, 1.0867362022399902, 1.0479636192321777, 1.0499212741851807, 1.0578932762145996, 1.038228988647461, 1.0491306781768799, 1.0636310577392578, 1.0391318798065186, 1.026674747467041, 1.046661376953125, 1.0337722301483154, 1.0411109924316406, 1.0298147201538086, 1.0291082859039307, 1.0283174514770508, 1.0381531715393066, 1.0502660274505615, 1.0385417938232422, 1.052556037902832, 1.0494563579559326, 1.0745525360107422, 1.0566728115081787, 1.0649781227111816, 1.061046838760376, 1.0489251613616943, 1.04296875, 1.0471076965332031, 1.0260717868804932, 1.0324864387512207, 1.0349602699279785, 1.0269367694854736, 1.0350964069366455, 1.0343990325927734, 1.0300025939941406, 1.0257623195648193, 1.0386216640472412, 1.0534858703613281, 1.0356595516204834, 1.0521085262298584, 1.0390141010284424, 1.0443155765533447, 1.0460562705993652, 1.0333433151245117, 1.0341074466705322, 1.0329601764678955, 1.0321857929229736, 1.0299532413482666, 1.038680076599121, 1.0324559211730957, 1.0276117324829102, 1.036827564239502, 1.0346734523773193, 1.031571626663208, 1.0356128215789795, 1.0398807525634766, 1.0340657234191895, 1.0331988334655762, 1.036703109741211, 1.0371391773223877, 1.0471751689910889, 1.0409934520721436, 1.042154312133789]\n",
      "City #1 order in path 3\n",
      "City #2 order in path 9\n",
      "City #3 order in path 7\n",
      "City #4 order in path 0\n",
      "City #5 order in path 5\n",
      "City #5 order in path 6\n",
      "City #6 order in path 1\n",
      "City #8 order in path 8\n",
      "City #8 order in path 11\n",
      "City #9 order in path 12\n",
      "City #10 order in path 10\n",
      "City #11 order in path 2\n",
      "City #12 order in path 4\n"
     ]
    }
   ],
   "source": [
    "matrix = np.array(parsing('burma14.xml', 0, 13))\n",
    "print(matrix)\n",
    "model = HopfieldModel(matrix, 'sigmoid',[100000, 100000, 100000, 50], 5)\n",
    "model.start_network()\n",
    "model.print_result()"
   ]
  },
  {
   "cell_type": "code",
   "execution_count": 10,
   "metadata": {},
   "outputs": [
    {
     "name": "stdout",
     "output_type": "stream",
     "text": [
      "[[   0.  153.  510.  706.  966.  581.  455.   70.  160.  372.  157.  567.\n",
      "   342.  398.]\n",
      " [ 153.    0.  422.  664.  997.  598.  507.  197.  311.  479.  310.  581.\n",
      "   417.  376.]\n",
      " [ 510.  422.    0.  289.  744.  390.  437.  491.  645.  880.  618.  374.\n",
      "   455.  211.]\n",
      " [ 706.  664.  289.    0.  491.  265.  410.  664.  804. 1070.  768.  259.\n",
      "   499.  310.]\n",
      " [ 966.  997.  744.  491.    0.  400.  514.  902.  990. 1261.  947.  418.\n",
      "   635.  636.]\n",
      " [ 581.  598.  390.  265.  400.    0.  168.  522.  634.  910.  593.   19.\n",
      "   284.  239.]\n",
      " [ 455.  507.  437.  410.  514.  168.    0.  389.  482.  757.  439.  163.\n",
      "   124.  232.]\n",
      " [  70.  197.  491.  664.  902.  522.  389.    0.  154.  406.  133.  508.\n",
      "   273.  355.]\n",
      " [ 160.  311.  645.  804.  990.  634.  482.  154.    0.  276.   43.  623.\n",
      "   358.  498.]\n",
      " [ 372.  479.  880. 1070. 1261.  910.  757.  406.  276.    0.  318.  898.\n",
      "   633.  761.]\n",
      " [ 157.  310.  618.  768.  947.  593.  439.  133.   43.  318.    0.  582.\n",
      "   315.  464.]\n",
      " [ 567.  581.  374.  259.  418.   19.  163.  508.  623.  898.  582.    0.\n",
      "   275.  221.]\n",
      " [ 342.  417.  455.  499.  635.  284.  124.  273.  358.  633.  315.  275.\n",
      "     0.  247.]\n",
      " [ 398.  376.  211.  310.  636.  239.  232.  355.  498.  761.  464.  221.\n",
      "   247.    0.]]\n"
     ]
    },
    {
     "ename": "KeyboardInterrupt",
     "evalue": "",
     "output_type": "error",
     "traceback": [
      "\u001b[1;31m---------------------------------------------------------------------------\u001b[0m",
      "\u001b[1;31mKeyboardInterrupt\u001b[0m                         Traceback (most recent call last)",
      "\u001b[1;32m~\\AppData\\Local\\Temp\\ipykernel_22664\\1511854408.py\u001b[0m in \u001b[0;36m<module>\u001b[1;34m\u001b[0m\n\u001b[0;32m      2\u001b[0m \u001b[0mprint\u001b[0m\u001b[1;33m(\u001b[0m\u001b[0mmatrix\u001b[0m\u001b[1;33m)\u001b[0m\u001b[1;33m\u001b[0m\u001b[1;33m\u001b[0m\u001b[0m\n\u001b[0;32m      3\u001b[0m \u001b[0mmodel\u001b[0m \u001b[1;33m=\u001b[0m \u001b[0mHopfieldModel\u001b[0m\u001b[1;33m(\u001b[0m\u001b[0mmatrix\u001b[0m\u001b[1;33m,\u001b[0m \u001b[1;34m'sigmoid'\u001b[0m\u001b[1;33m,\u001b[0m\u001b[1;33m[\u001b[0m\u001b[1;36m150000\u001b[0m\u001b[1;33m,\u001b[0m \u001b[1;36m150000\u001b[0m\u001b[1;33m,\u001b[0m \u001b[1;36m150000\u001b[0m\u001b[1;33m,\u001b[0m \u001b[1;36m50\u001b[0m\u001b[1;33m]\u001b[0m\u001b[1;33m,\u001b[0m \u001b[1;36m5\u001b[0m\u001b[1;33m)\u001b[0m\u001b[1;33m\u001b[0m\u001b[1;33m\u001b[0m\u001b[0m\n\u001b[1;32m----> 4\u001b[1;33m \u001b[0mmodel\u001b[0m\u001b[1;33m.\u001b[0m\u001b[0mstart_network\u001b[0m\u001b[1;33m(\u001b[0m\u001b[1;33m)\u001b[0m\u001b[1;33m\u001b[0m\u001b[1;33m\u001b[0m\u001b[0m\n\u001b[0m\u001b[0;32m      5\u001b[0m \u001b[0mmodel\u001b[0m\u001b[1;33m.\u001b[0m\u001b[0mprint_result\u001b[0m\u001b[1;33m(\u001b[0m\u001b[1;33m)\u001b[0m\u001b[1;33m\u001b[0m\u001b[1;33m\u001b[0m\u001b[0m\n",
      "\u001b[1;32md:\\HSE\\3_year\\CoursePaper\\Hopfield.py\u001b[0m in \u001b[0;36mstart_network\u001b[1;34m(self)\u001b[0m\n\u001b[0;32m    161\u001b[0m \u001b[1;33m\u001b[0m\u001b[0m\n\u001b[0;32m    162\u001b[0m         \u001b[1;32mif\u001b[0m \u001b[1;32mnot\u001b[0m \u001b[0mself\u001b[0m\u001b[1;33m.\u001b[0m\u001b[0misTSP\u001b[0m\u001b[1;33m(\u001b[0m\u001b[0mself\u001b[0m\u001b[1;33m.\u001b[0m\u001b[0mfinal_path\u001b[0m\u001b[1;33m)\u001b[0m\u001b[1;33m:\u001b[0m\u001b[1;33m\u001b[0m\u001b[1;33m\u001b[0m\u001b[0m\n\u001b[1;32m--> 163\u001b[1;33m             \u001b[0mself\u001b[0m\u001b[1;33m.\u001b[0m\u001b[0mstart_network\u001b[0m\u001b[1;33m(\u001b[0m\u001b[1;33m)\u001b[0m\u001b[1;33m\u001b[0m\u001b[1;33m\u001b[0m\u001b[0m\n\u001b[0m\u001b[0;32m    164\u001b[0m         \u001b[1;32melse\u001b[0m\u001b[1;33m:\u001b[0m\u001b[1;33m\u001b[0m\u001b[1;33m\u001b[0m\u001b[0m\n\u001b[0;32m    165\u001b[0m             \u001b[0mself\u001b[0m\u001b[1;33m.\u001b[0m\u001b[0mtotal\u001b[0m \u001b[1;33m=\u001b[0m \u001b[0mself\u001b[0m\u001b[1;33m.\u001b[0m\u001b[0mcalculate_distance\u001b[0m\u001b[1;33m(\u001b[0m\u001b[1;33m)\u001b[0m\u001b[1;33m\u001b[0m\u001b[1;33m\u001b[0m\u001b[0m\n",
      "\u001b[1;32md:\\HSE\\3_year\\CoursePaper\\Hopfield.py\u001b[0m in \u001b[0;36mstart_network\u001b[1;34m(self)\u001b[0m\n\u001b[0;32m    161\u001b[0m \u001b[1;33m\u001b[0m\u001b[0m\n\u001b[0;32m    162\u001b[0m         \u001b[1;32mif\u001b[0m \u001b[1;32mnot\u001b[0m \u001b[0mself\u001b[0m\u001b[1;33m.\u001b[0m\u001b[0misTSP\u001b[0m\u001b[1;33m(\u001b[0m\u001b[0mself\u001b[0m\u001b[1;33m.\u001b[0m\u001b[0mfinal_path\u001b[0m\u001b[1;33m)\u001b[0m\u001b[1;33m:\u001b[0m\u001b[1;33m\u001b[0m\u001b[1;33m\u001b[0m\u001b[0m\n\u001b[1;32m--> 163\u001b[1;33m             \u001b[0mself\u001b[0m\u001b[1;33m.\u001b[0m\u001b[0mstart_network\u001b[0m\u001b[1;33m(\u001b[0m\u001b[1;33m)\u001b[0m\u001b[1;33m\u001b[0m\u001b[1;33m\u001b[0m\u001b[0m\n\u001b[0m\u001b[0;32m    164\u001b[0m         \u001b[1;32melse\u001b[0m\u001b[1;33m:\u001b[0m\u001b[1;33m\u001b[0m\u001b[1;33m\u001b[0m\u001b[0m\n\u001b[0;32m    165\u001b[0m             \u001b[0mself\u001b[0m\u001b[1;33m.\u001b[0m\u001b[0mtotal\u001b[0m \u001b[1;33m=\u001b[0m \u001b[0mself\u001b[0m\u001b[1;33m.\u001b[0m\u001b[0mcalculate_distance\u001b[0m\u001b[1;33m(\u001b[0m\u001b[1;33m)\u001b[0m\u001b[1;33m\u001b[0m\u001b[1;33m\u001b[0m\u001b[0m\n",
      "\u001b[1;32md:\\HSE\\3_year\\CoursePaper\\Hopfield.py\u001b[0m in \u001b[0;36mstart_network\u001b[1;34m(self)\u001b[0m\n\u001b[0;32m    161\u001b[0m \u001b[1;33m\u001b[0m\u001b[0m\n\u001b[0;32m    162\u001b[0m         \u001b[1;32mif\u001b[0m \u001b[1;32mnot\u001b[0m \u001b[0mself\u001b[0m\u001b[1;33m.\u001b[0m\u001b[0misTSP\u001b[0m\u001b[1;33m(\u001b[0m\u001b[0mself\u001b[0m\u001b[1;33m.\u001b[0m\u001b[0mfinal_path\u001b[0m\u001b[1;33m)\u001b[0m\u001b[1;33m:\u001b[0m\u001b[1;33m\u001b[0m\u001b[1;33m\u001b[0m\u001b[0m\n\u001b[1;32m--> 163\u001b[1;33m             \u001b[0mself\u001b[0m\u001b[1;33m.\u001b[0m\u001b[0mstart_network\u001b[0m\u001b[1;33m(\u001b[0m\u001b[1;33m)\u001b[0m\u001b[1;33m\u001b[0m\u001b[1;33m\u001b[0m\u001b[0m\n\u001b[0m\u001b[0;32m    164\u001b[0m         \u001b[1;32melse\u001b[0m\u001b[1;33m:\u001b[0m\u001b[1;33m\u001b[0m\u001b[1;33m\u001b[0m\u001b[0m\n\u001b[0;32m    165\u001b[0m             \u001b[0mself\u001b[0m\u001b[1;33m.\u001b[0m\u001b[0mtotal\u001b[0m \u001b[1;33m=\u001b[0m \u001b[0mself\u001b[0m\u001b[1;33m.\u001b[0m\u001b[0mcalculate_distance\u001b[0m\u001b[1;33m(\u001b[0m\u001b[1;33m)\u001b[0m\u001b[1;33m\u001b[0m\u001b[1;33m\u001b[0m\u001b[0m\n",
